TPQ: 480
Tick	Seconds	Dur	Message
0	0		ff 3 d 41 6d 61 7a 69 6e 67 20 47 72 61 63 65 
0	0		ff 4 a 43 20 4f 72 69 67 69 6e 61 6c 
0	0		ff 59 2 0 0 
0	0		ff 58 4 3 2 18 8 
0	0		ff 54 5 21 0 2 6 14 
0	0		ff 51 3 e 15 c4 
0	0		f0 7e 7f 9 1 f7 
240	0.461538		f0 41 10 42 12 40 0 7f 0 41 f7 
481	0.924999		b0 0 0 
482	0.926922		b0 20 0 
483	0.928845		c0 0 
484	0.930768		b0 7 6e 
485	0.932691		b0 a 40 
486	0.934614		b0 b 7f 
487	0.936538		b0 5b 37 
488	0.938461		b0 5d 0 
505	0.971153		b3 0 0 
506	0.973076		b3 20 0 
507	0.974999		c3 41 
508	0.976922		b3 7 6e 
509	0.978845		b3 a 40 
510	0.980768		b3 b 7f 
511	0.982691		b3 5b 37 
512	0.984614		b3 5d 0 
578	1.11154		b0 65 0 
582	1.11923		b0 64 0 
586	1.12692		b0 6 2 
590	1.13461		b0 65 7f 
594	1.14231		b0 64 7f 
633	1.21731		b3 65 0 
637	1.225		b3 64 0 
641	1.23269		b3 6 2 
645	1.24038		b3 65 7f 
649	1.24808		b3 64 7f 
1440	2.76923	2.05577	90 29 46 
1440	2.76923	0.153846	90 38 4c 
1440	2.76923	1.06538	90 39 4d 
1440	2.76923	1.60961	90 3c 5b 
1448	2.78461	0.0980768	93 40 55 
1485	2.85577	1.77115	93 41 6b 
1499	2.88269		83 40 40 
1520	2.92307		90 38 0 
1677	3.225		b3 1 e 
1702	3.27307		b0 40 7f 
1714	3.29615		b3 1 25 
1761	3.38654		b3 1 3f 
1807	3.475		b3 1 53 
1846	3.55		b3 1 5d 
1901	3.65577		b3 1 62 
1920	3.6923	0.653845	90 35 47 
1966	3.78077		b3 1 67 
1994	3.83461		90 39 0 
2240	4.30769	0.730768	90 39 3f 
2246	4.31923		b3 1 62 
2260	4.34615		90 35 0 
2277	4.37884		90 3c 0 
2283	4.39038		b3 1 58 
2321	4.46346		b3 1 3b 
2358	4.53461		b3 1 0 
2367	4.55192		b0 40 0 
2389	4.59423	0.121154	93 44 59 
2400	4.61538	0.409615	90 35 52 
2400	4.61538	0.401923	90 3c 5c 
2406	4.62692		83 41 40 
2433	4.67884	0.528846	93 45 6b 
2452	4.71538		83 44 40 
2459	4.72884		b0 40 7f 
2509	4.825		90 29 0 
2560	4.92307	0.336538	90 2b 56 
2609	5.0173		90 3c 0 
2613	5.02499		90 35 0 
2620	5.03846		90 39 0 
2704	5.19999	0.165384	93 43 55 
2708	5.20769		83 45 40 
2720	5.23076	0.39911	90 2c 52 
2735	5.25961		90 2b 0 
2790	5.36538		83 43 40 
2798	5.38076	0.172618	93 41 5d 
2833	5.44807		b0 40 0 
2880	5.53846		ff 51 3 d aa 22 
2880	5.53846	2.55597	90 2d 5c 
2880	5.53846	0.593283	90 37 4f 
2880	5.53846	1.21642	90 3e 4e 
2880	5.53846	1.49813	90 40 56 
2888	5.55338		83 41 40 
2896	5.56831	0.136194	93 44 4c 
2929	5.62987		90 2c 0 
2952	5.67278	0.208955	93 45 62 
2969	5.7045		83 44 40 
3059	5.87241		b0 40 7f 
3064	5.88174		83 45 40 
3079	5.90972	0.128731	93 44 48 
3127	5.99928	1.39366	93 45 50 
3148	6.03846		83 44 40 
3198	6.13174		90 37 0 
3321	6.36122		b3 1 1b 
3360	6.43398	0.682836	90 37 5c 
3360	6.43398		b3 1 36 
3408	6.52353		b3 1 4a 
3447	6.59629		b3 1 56 
3504	6.70263		b3 1 5b 
3532	6.75487		90 3e 0 
3552	6.79219		b3 1 64 
3601	6.8836		b3 1 69 
3677	7.0254		b3 1 73 
3680	7.03099	0.317164	90 3e 3f 
3683	7.03659		90 40 0 
3726	7.11681		90 37 0 
3806	7.26607		b0 40 0 
3812	7.27726		b3 1 69 
3840	7.3295	0.766791	90 37 69 
3840	7.3295	0.865671	90 3d 5b 
3840	7.3295	0.785447	90 40 57 
3842	7.33323		b3 1 51 
3850	7.34816		90 3e 0 
3874	7.39293		83 45 40 
3880	7.40413		b3 1 0 
3889	7.42092	0.106343	93 42 50 
3929	7.49554	0.488806	93 43 62 
3946	7.52726		83 42 40 
4000	7.62801	0.276119	90 28 58 
4148	7.90413		90 28 0 
4160	7.92651	0.223881	90 21 54 
4185	7.97316		b0 40 7f 
4191	7.98435		83 43 40 
4196	7.99368	0.175373	93 44 4c 
4242	8.0795	0.149254	93 43 59 
4250	8.09443		90 2d 0 
4251	8.09629		90 37 0 
4261	8.11495		90 40 0 
4280	8.1504		90 21 0 
4290	8.16905		83 44 40 
4304	8.19517		90 3d 0 
4313	8.21196	2.24067	93 41 5d 
4320	8.22502	2.1903	90 22 4d 
4320	8.22502	1.08769	90 2e 54 
4320	8.22502	0.55597	90 35 4d 
4320	8.22502	1.4944	90 3a 4b 
4320	8.22502	1.54664	90 3e 4a 
4320	8.22502		b0 40 0 
4322	8.22875		83 43 40 
4475	8.5142		b3 1 10 
4514	8.58696		b3 1 27 
4533	8.62241		b0 40 7f 
4552	8.65786		b3 1 3a 
4591	8.73062		b3 1 49 
4618	8.78099		90 35 0 
4629	8.80151		b3 1 4e 
4668	8.87428		b3 1 53 
4726	8.98248		b3 1 58 
4800	9.12054	0.563433	90 35 3f 
4812	9.14293		b3 1 5d 
4869	9.24928		b3 1 62 
4903	9.31271		90 2e 0 
4985	9.46569		b3 1 67 
5023	9.53659		b3 1 6c 
5071	9.62614		b3 1 71 
5102	9.68398		90 35 0 
5120	9.71756	0.940298	90 2e 56 
5121	9.71942		90 3a 0 
5139	9.75301		b3 1 7b 
5149	9.77166		90 3e 0 
5280	10.0161	0.222015	90 35 6d 
5280	10.0161	0.59888	90 3a 69 
5280	10.0161	0.597015	90 3e 5e 
5369	10.1821		b3 1 7f 
5399	10.2381		90 35 0 
5440	10.3146	0.266791	90 35 3f 
5466	10.3631		b3 1 64 
5494	10.4153		90 22 0 
5504	10.434		b3 1 0 
5511	10.447	0.0970149	93 3c 55 
5514	10.4526		83 41 40 
5554	10.5273	0.294776	93 3e 5d 
5563	10.5441		83 3c 40 
5583	10.5814		90 35 0 
5600	10.6131	0.300373	90 22 57 
5600	10.6131		90 3e 0 
5601	10.6149		90 3a 0 
5624	10.6579		90 2e 0 
5712	10.822		83 3e 40 
5727	10.85	0.132463	93 3f 3f 
5748	10.8892		b0 40 0 
5755	10.9023	0.179104	93 3e 59 
5760	10.9116	1.40112	90 29 50 
5760	10.9116	0.367537	90 35 4d 
5760	10.9116	0.587686	90 39 4f 
5760	10.9116	1.65672	90 3c 56 
5761	10.9135		90 22 0 
5798	10.9825		83 3f 40 
5832	11.0459	1.58395	93 3c 59 
5851	11.0814		83 3e 40 
5918	11.2064		b0 40 7f 
5957	11.2791		90 35 0 
5975	11.3127		b3 1 2 
6013	11.3836		b3 1 24 
6051	11.4545		b3 1 3d 
6075	11.4993		90 39 0 
6080	11.5086	0.513059	90 35 3f 
6090	11.5273		b3 1 47 
6148	11.6355		b3 1 51 
6240	11.8071	0.0597015	90 38 61 
6240	11.8071	0.798507	90 39 57 
6253	11.8314		b0 40 0 
6272	11.8668		90 38 0 
6282	11.8855		b3 1 56 
6355	12.0217		90 35 0 
6400	12.1056	0.389925	90 35 5b 
6456	12.2101		b3 1 5b 
6459	12.2157		b0 40 7f 
6511	12.3127		90 29 0 
6560	12.4041	0.347015	90 29 56 
6609	12.4955		90 35 0 
6647	12.5664		b3 1 56 
6648	12.5683		90 3c 0 
6668	12.6056		90 39 0 
6681	12.6299		83 3c 40 
6705	12.6746		b3 1 3f 
6706	12.6765		b0 40 0 
6720	12.7026	0.509328	90 28 56 
6720	12.7026	0.72388	90 37 6a 
6720	12.7026	0.0746268	90 3c 4a 
6744	12.7474		b3 1 0 
6746	12.7511		90 29 0 
6760	12.7773		90 3c 0 
6838	12.9228		b0 40 7f 
6880	13.0011	0.683971	90 3c 73 
6993	13.212		90 28 0 
7040	13.2996	0.208955	90 43 6d 
7060	13.337	0.380759	93 3c 55 
7108	13.4265		90 37 0 
7152	13.5086		90 43 0 
7181	13.5627		b0 40 0 
7200	13.5982		ff 51 3 d 44 bd 
7200	13.5982	1.73188	90 26 48 
7200	13.5982	0.949275	90 32 56 
7200	13.5982	1.40399	90 39 5f 
7200	13.5982	1.51993	90 3e 4f 
7200	13.5982	1.51268	90 41 58 
7248	13.6851		90 3c 0 
7249	13.6869	0.101449	93 40 55 
7266	13.7177		83 3c 40 
7282	13.7467	1.76993	93 41 66 
7305	13.7884		83 40 40 
7415	13.9876		b0 40 7f 
7501	14.1434		b3 1 9 
7531	14.1978		b3 1 27 
7561	14.2521		b3 1 3a 
7601	14.3246		b3 1 49 
7640	14.3953		b3 1 53 
7690	14.4858		b3 1 58 
7724	14.5474		90 32 0 
7798	14.6815		b3 1 5d 
7975	15.0021		90 39 0 
8000	15.0474	0.634058	90 32 4c 
8035	15.1108		90 41 0 
8039	15.1181		90 3e 0 
8076	15.1851		b3 1 62 
8156	15.33		90 26 0 
8160	15.3373	0.346014	90 39 5f 
8160	15.3373	0.425725	90 3e 53 
8160	15.3373	0.471014	90 41 53 
8191	15.3934		b0 40 0 
8204	15.417		b3 1 4e 
8241	15.484	0.139493	93 44 59 
8244	15.4895		b3 1 0 
8259	15.5166		83 41 40 
8269	15.5347		b0 40 7f 
8299	15.5891	0.40942	93 45 66 
8318	15.6235		83 44 40 
8320	15.6271	0.210145	90 31 5c 
8350	15.6815		90 32 0 
8351	15.6833		90 39 0 
8395	15.763		90 3e 0 
8420	15.8083		90 41 0 
8436	15.8373		90 31 0 
8480	15.917	0.32971	90 30 61 
8513	15.9768	0.134058	93 43 59 
8525	15.9985		83 45 40 
8583	16.1036		b0 40 0 
8584	16.1054	0.228261	93 41 5d 
8587	16.1108		83 43 40 
8640	16.2068	1.08696	90 2f 57 
8640	16.2068	0.612319	90 37 65 
8640	16.2068	1.03985	90 3b 6a 
8640	16.2068	1.32971	90 3e 5e 
8662	16.2467		90 30 0 
8710	16.3337		83 41 40 
8719	16.35	0.126812	93 44 66 
8777	16.455	1.61413	93 45 59 
8789	16.4768		83 44 40 
8798	16.4931		b0 40 7f 
8907	16.6905		b3 1 9 
8947	16.763		b3 1 24 
8978	16.8192		90 37 0 
8986	16.8337		b3 1 3f 
9026	16.9061		b3 1 5b 
9065	16.9768		b3 1 69 
9120	17.0764	1.0308	90 37 3f 
9175	17.1761		b3 1 6e 
9214	17.2467		90 3b 0 
9240	17.2938		90 2f 0 
9254	17.3192		b3 1 73 
9280	17.3663	0.175725	90 3b 42 
9293	17.3898		b3 1 78 
9353	17.4985		b3 1 7d 
9374	17.5366		90 3e 0 
9377	17.542		90 3b 0 
9440	17.6561	0.95471	90 2f 54 
9442	17.6597		b3 1 7f 
9600	17.946	0.565217	90 3b 56 
9600	17.946	0.606884	90 3e 53 
9600	17.946	0.467391	90 43 54 
9668	18.0692		83 45 40 
9671	18.0746	0.413043	93 43 59 
9679	18.0891		b3 1 73 
9689	18.1072		90 37 0 
9719	18.1616		b3 1 0 
9760	18.2358	0.344203	90 37 3f 
9858	18.4134		90 43 0 
9894	18.4786	0.175725	93 45 5d 
9899	18.4876		83 43 40 
9912	18.5112		90 3b 0 
9920	18.5257	0.157609	90 23 56 
9935	18.5529		90 3e 0 
9950	18.58		90 37 0 
9967	18.6108		90 2f 0 
9991	18.6543		83 45 40 
10007	18.6833		90 23 0 
10008	18.6851	0.205062	93 48 6b 
10080	18.8155		ff 51 3 d aa 22 
10080	18.8155	2.25746	90 24 50 
10080	18.8155	1.11567	90 30 5b 
10080	18.8155	1.80597	90 35 56 
10080	18.8155	0.610074	90 3a 4e 
10080	18.8155	0.638059	90 3e 4c 
10107	18.8659		b0 40 0 
10120	18.8902		83 48 40 
10134	18.9163	0.128731	93 47 5d 
10175	18.9928	0.207089	93 48 66 
10203	19.045		83 47 40 
10286	19.1999		83 48 40 
10292	19.2111	0.121269	93 47 5d 
10299	19.2241		b0 40 7f 
10328	19.2782	1.9403	93 48 66 
10357	19.3323		83 47 40 
10407	19.4256		90 3a 0 
10422	19.4536		90 3e 0 
10470	19.5432		b3 1 2 
10508	19.6141		b3 1 27 
10547	19.6868		b3 1 3f 
10560	19.7111	0.656716	90 3a 4c 
10560	19.7111	0.662313	90 3e 4b 
10594	19.7745		b3 1 51 
10643	19.8659		b3 1 5b 
10678	19.9312		90 30 0 
10710	19.9909		b3 1 64 
10748	20.0618		b3 1 6e 
10787	20.1346		b3 1 73 
10825	20.2055		b3 1 78 
10880	20.3081	0.755597	90 30 5b 
10912	20.3678		90 3a 0 
10915	20.3734		90 3e 0 
11040	20.6066	0.56903	90 3a 53 
11040	20.6066	0.621268	90 3e 52 
11040	20.6066	0.671641	90 41 56 
11048	20.6215		90 35 0 
11200	20.9051	0.96082	90 35 3f 
11277	21.0488		b3 1 71 
11285	21.0637		90 30 0 
11290	21.073		90 24 0 
11315	21.1196		b3 1 56 
11345	21.1756		90 3a 0 
11354	21.1924		b3 1 2c 
11360	21.2036	0.358209	90 2b 5b 
11368	21.2185		83 48 40 
11373	21.2279		90 3e 0 
11389	21.2577	0.210821	93 4a 59 
11392	21.2633		b3 1 0 
11400	21.2782		90 41 0 
11490	21.4461		b0 40 0 
11502	21.4685		83 4a 40 
11514	21.4909	0.113806	93 44 50 
11520	21.5021	2.35448	90 24 50 
11520	21.5021	1.24627	90 30 5e 
11520	21.5021	0.669776	90 3a 52 
11520	21.5021	0.716418	90 3e 4e 
11520	21.5021	0.692164	90 41 57 
11552	21.5618		90 2b 0 
11557	21.5711	0.156716	93 45 55 
11575	21.6047		83 44 40 
11641	21.7279		83 45 40 
11668	21.7782		b0 40 7f 
11683	21.8062	0.199627	93 43 5d 
11715	21.8659		90 35 0 
11765	21.9592	0.126866	93 41 5d 
11790	22.0058		83 43 40 
11829	22.0786	0.106343	93 3e 4c 
11833	22.0861		83 41 40 
11840	22.0991	1.3153	90 35 41 
11879	22.1719		90 3a 0 
11886	22.1849		83 3e 40 
11891	22.1943		90 41 0 
11904	22.2185		90 3e 0 
11904	22.2185	0.0783582	93 41 3f 
11939	22.2838	0.166045	93 43 4c 
11946	22.2969		83 41 40 
12000	22.3976	0.761194	90 3a 5f 
12000	22.3976	0.722015	90 3e 5b 
12000	22.3976	0.748134	90 41 63 
12016	22.4275	0.955223	93 41 5d 
12028	22.4499		83 43 40 
12123	22.6271		b3 1 18 
12153	22.6831		b3 1 4c 
12188	22.7484		90 30 0 
12190	22.7521		b3 1 7f 
12320	22.9946	0.697761	90 30 3f 
12387	23.1196		90 3e 0 
12401	23.1458		90 41 0 
12408	23.1588		90 3a 0 
12480	23.2932	0.423507	90 3a 5c 
12480	23.2932	0.367537	90 3e 54 
12480	23.2932	2.70213	90 41 61 
12497	23.3249		b3 1 0 
12517	23.3622	0.136194	93 44 66 
12528	23.3827		83 41 40 
12545	23.4144		90 35 0 
12576	23.4723	0.43097	93 45 62 
12590	23.4984		83 44 40 
12640	23.5917	1.3706	90 35 48 
12677	23.6607		90 3e 0 
12694	23.6924		90 30 0 
12707	23.7167		90 3a 0 
12782	23.8566		90 24 0 
12800	23.8902	0.364545	90 30 63 
12803	23.8958		b0 40 7f 
12807	23.9032		83 45 40 
12815	23.9182	0.357786	93 48 6b 
12876	24.032		b0 40 0 
12960	24.1887		ff 59 2 0 0 
12960	24.1887		ff 51 3 11 46 2b 
12988	24.2547		90 30 0 
12997	24.2759		83 48 40 
13288	24.9623		90 35 0 
13726	25.9953		90 41 0 
13726	25.9953		ff 2f 0 
